
Rules order: [3, 46, 26, 61, 23, 48, 2, 17, 60, 31, 21, 85, 38, 32, 77, 96, 4, 28, 70, 69, 15, 57, 41, 90, 62, 39, 51, 14, 64, 9, 30, 66, 50, 1, 0, 29, 11, 7, 54, 47, 99, 36, 92, 5, 84, 6, 72, 98, 95, 55, 73, 44, 24, 67, 89, 42, 91, 74, 86, 93, 25, 18, 68, 27, 76, 16, 87, 82, 83, 12, 52, 33, 97, 35, 43, 59, 71, 20, 8, 45, 53, 94, 40, 19, 81, 10, 22, 80, 78, 56, 34, 37, 65, 58, 49, 13, 75, 88, 79, 63]
Accuracies: [0.50125, 0.7, 0.76375, 0.7825, 0.78375, 0.79375, 0.8125, 0.82125, 0.82625, 0.8175, 0.82125, 0.8125, 0.81625, 0.82, 0.82, 0.83, 0.83375, 0.84375, 0.85, 0.84125, 0.83625, 0.84, 0.84125, 0.84375, 0.84375, 0.8425, 0.84125, 0.83875, 0.84125, 0.83625, 0.8475, 0.8425, 0.83625, 0.84, 0.8375, 0.83875, 0.8375, 0.84, 0.8375, 0.8375, 0.8375, 0.83875, 0.84, 0.83875, 0.83875, 0.83875, 0.83625, 0.83625, 0.83875, 0.8375, 0.83125, 0.8375, 0.83125, 0.82625, 0.83, 0.8375, 0.83375, 0.83875, 0.8375, 0.84125, 0.845, 0.83875, 0.84125, 0.84, 0.84125, 0.84375, 0.84375, 0.84375, 0.85375, 0.855, 0.85625, 0.8575, 0.85625, 0.84625, 0.84375, 0.84375, 0.845, 0.8425, 0.84625, 0.84625, 0.84625, 0.845, 0.84625, 0.84875, 0.84875, 0.84375, 0.84125, 0.84125, 0.84625, 0.84375, 0.84625, 0.84625, 0.84625, 0.845, 0.8475, 0.8475, 0.8475, 0.84125, 0.84375, 0.845, 0.84875]

Rules order: [21, 79, 48, 12, 86, 90, 61, 60, 52, 95, 72, 8, 97, 73, 84, 62, 7, 91, 31, 80, 77, 74, 66, 39, 67, 87, 76, 22, 23, 81, 83, 13, 94, 25, 55, 54, 82, 89, 70, 99, 93, 36, 88, 46, 0, 32, 30, 69, 2, 98, 6, 92, 11, 63, 37, 57, 68, 56, 53, 85, 75, 1, 65, 18, 14, 78, 33, 51, 58, 44, 38, 49, 26, 40, 29, 34, 45, 64, 17, 42, 10, 28, 27, 4, 43, 71, 59, 47, 41, 35, 24, 20, 19, 16, 15, 9, 5, 50, 96]
Accuracies: [0.5009375, 0.7, 0.73, 0.7525, 0.7675, 0.77875, 0.78125, 0.78875, 0.79875, 0.81375, 0.81625, 0.81, 0.79375, 0.8025, 0.79875, 0.8075, 0.81375, 0.81625, 0.8175, 0.81625, 0.8175, 0.83, 0.82375, 0.81625, 0.81625, 0.82375, 0.8275, 0.8225, 0.83, 0.83625, 0.835, 0.83875, 0.84, 0.835, 0.8425, 0.84375, 0.8425, 0.84375, 0.8425, 0.845, 0.84875, 0.84125, 0.84375, 0.845, 0.8475, 0.85, 0.85, 0.8525, 0.84875, 0.855, 0.85625, 0.855, 0.85625, 0.8525, 0.84875, 0.85125, 0.84875, 0.85125, 0.85, 0.85125, 0.84625, 0.845, 0.845, 0.845, 0.845, 0.85, 0.8525, 0.85125, 0.84875, 0.8475, 0.85, 0.8475, 0.8475, 0.84625, 0.845, 0.84625, 0.8475, 0.8475, 0.84875, 0.85, 0.8475, 0.84875, 0.8475, 0.845, 0.84625, 0.84625, 0.84625, 0.84625, 0.84625, 0.84625, 0.84625, 0.84625, 0.84625, 0.84625, 0.84625, 0.84625, 0.84625, 0.8425, 0.8425, 0.8475, 0.84875]



Rules order: [3, 46, 26, 2, 8, 42, 16, 66, 25, 60, 55, 61, 70, 34, 23, 36, 31, 86, 39, 19, 73, 58, 69, 79, 62, 80, 81, 94, 49, 38, 65, 96, 83, 21, 37, 71, 64, 77, 48, 52, 29, 95, 82, 91, 90, 76, 89, 15, 97, 59, 17, 41, 47, 30, 67, 40, 99, 92, 93, 78, 33, 68, 98, 35, 56, 87, 72, 53, 24, 75, 54, 45, 74, 18, 32, 4, 84, 85, 5, 22, 63, 43, 88, 51, 28, 57, 50, 20, 1, 14, 44, 27, 10, 7, 6, 13, 12, 11, 0, 9]
Accuracies: [0.50125, 0.7, 0.76375, 0.7825, 0.77875, 0.78875, 0.78875, 0.78875, 0.80375, 0.795, 0.79625, 0.8025, 0.80125, 0.8025, 0.81125, 0.81625, 0.81625, 0.81125, 0.81, 0.81125, 0.81875, 0.8125, 0.8075, 0.8225, 0.83125, 0.82875, 0.835, 0.835, 0.84375, 0.8375, 0.8375, 0.84, 0.835, 0.83625, 0.83625, 0.83625, 0.83875, 0.835, 0.835, 0.8325, 0.825, 0.83875, 0.83625, 0.83875, 0.8425, 0.845, 0.84, 0.8425, 0.8425, 0.84875, 0.84625, 0.83875, 0.84875, 0.85, 0.85125, 0.85375, 0.8475, 0.845, 0.84125, 0.8425, 0.8425, 0.84375, 0.83875, 0.84, 0.8375, 0.8425, 0.84375, 0.8425, 0.84375, 0.84125, 0.8425, 0.8375, 0.83875, 0.835, 0.85, 0.85, 0.8575, 0.85375, 0.85625, 0.865, 0.86375, 0.865, 0.8625, 0.865, 0.86625, 0.85875, 0.8625, 0.86, 0.8675, 0.86125, 0.85875, 0.8575, 0.8625, 0.86375, 0.85875, 0.85625, 0.855, 0.85125, 0.84875, 0.855, 0.8575]
