Absolute Error!
...
20
...
2208.6
...
624 786 1004 1065 1089 1101 1310 1465 1511 1538 1680 1723 1788 1837 1856 1917 2091 2208 2392 2641 
...
9
...
-298.9499999999998
...
-984 -823 -605 -544 -520 -507 -298 -143 -70 
...
14
...
599.1500000000001
...
-97 12 70 113 179 227 246 307 376 449 482 599 783 1031 
...
9
...
172.14999999999964
...
-464 -374 -264 -206 -163 -97 -49 -23 172 
...
Absolute Error!
...
18
...
624.5
...
624 786 1065 1089 1101 1310 1465 1511 1680 1723 1788 1837 1856 1917 2091 2208 2392 2641 
...
11
...
389.8499999999999
...
-189 -21 21 87 135 154 215 389 506 690 939 
...
10
...
-1077.35
...
-1077 -915 -636 -612 -600 -391 -236 -133 -67 -19 
...
11
...
235.29999999999973
...
-344 -176 60 235 259 352 362 428 476 536 784 
...
Absolute Error!
...
18
...
1089.1
...
624 786 1004 1065 1089 1310 1465 1511 1538 1723 1788 1837 1856 1917 2091 2208 2392 2641 
...
10
...
286.20000000000005
...
-119 92 157 206 225 286 460 577 761 1010 
...
14
...
-541.9000000000001
...
-1006 -844 -626 -565 -541 -374 -320 -165 -163 -97 -92 -49 -30 321 
...
12
...
30.399999999999864
...
-132 30 77 79 144 150 193 204 212 506 564 754 
...
Absolute Error!
...
18
...
1101.5
...
624 786 1004 1065 1089 1101 1310 1465 1511 1538 1680 1723 1837 1856 2091 2208 2392 2641 
...
9
...
-423.75
...
-900 -739 -520 -459 -436 -423 -214 -59 13 
...
12
...
12.400000000000091
...
-13 12 155 198 311 331 376 449 566 683 867 1116 
...
11
...
-341.5250000000001
...
-367 -341 -302 -198 -155 -84 -42 -23 -22 0 329 
...
Absolute Error!
...
18
...
1538.6
...
786 1004 1065 1089 1101 1310 1465 1511 1538 1680 1723 1788 1837 1856 1917 2091 2392 2641 
...
10
...
783.3500000000004
...
-97 70 113 179 227 246 307 482 783 1031 
...
11
...
-70.84999999999991
...
-823 -605 -544 -520 -507 -298 -143 -123 -70 -57 -9 
...
12
...
228.0999999999999
...
-334 -166 9 70 155 175 228 241 244 289 546 794 
...
Absolute Error!
...
18
...
1465.8
...
624 786 1004 1065 1089 1101 1310 1465 1511 1538 1680 1723 1788 1837 1917 2091 2208 2641 
...
9
...
-59.450000000000045
...
-900 -739 -520 -459 -436 -423 -214 -59 13 
...
12
...
376.70000000000005
...
-13 12 155 198 263 311 376 391 449 566 683 1116 
...
9
...
-331.8249999999998
...
-464 -357 -331 -189 -146 -80 -32 -23 105 
...
Absolute Error!
...
18
...
786.2
...
624 786 1004 1065 1101 1310 1465 1538 1680 1723 1788 1837 1856 1917 2091 2208 2392 2641 
...
10
...
87.05000000000018
...
-21 21 87 135 154 215 389 506 690 939 
...
11
...
-915.6499999999999
...
-1077 -915 -697 -636 -600 -391 -236 -163 -163 -97 -49 
...
11
...
293.4499999999998
...
-206 30 155 204 227 228 293 321 341 506 754 
...
Absolute Error!
...
18
...
1788.9
...
624 786 1004 1065 1089 1101 1310 1511 1538 1680 1723 1788 1837 1856 1917 2091 2208 2392 
...
10
...
179.45000000000027
...
-97 70 113 179 227 246 307 482 599 783 
...
11
...
-57.799999999999955
...
-984 -823 -605 -544 -520 -507 -298 -123 -70 -57 -9 
...
11
...
450.14999999999986
...
-334 -166 9 70 244 361 384 437 450 498 546 
...
Absolute Error!
...
18
...
1004.4
...
624 1004 1065 1089 1101 1310 1465 1511 1538 1680 1788 1837 1856 1917 2091 2208 2392 2641 
...
10
...
-97.54999999999973
...
-97 70 179 227 246 307 482 599 783 1031 
...
13
...
-605.0499999999998
...
-984 -605 -544 -520 -507 -374 -298 -143 -97 -70 -49 -30 321 
...
12
...
-75.95000000000027
...
-206 -75 30 155 201 204 228 249 268 506 620 754 
...
Absolute Error!
...
18
...
1101.5
...
624 786 1004 1065 1089 1101 1310 1465 1511 1538 1680 1723 1788 1856 1917 2208 2392 2641 
...
9
...
-423.75
...
-900 -739 -520 -459 -436 -423 -214 -59 13 
...
12
...
12.400000000000091
...
-13 12 155 198 263 331 376 391 449 683 867 1116 
...
9
...
-341.5250000000001
...
-464 -367 -341 -198 -155 -90 -23 95 762 
...
Absolute Error!
...
18
...
1511.9
...
624 786 1004 1089 1101 1465 1511 1538 1680 1723 1788 1837 1856 1917 2091 2208 2392 2641 
...
11
...
-189.94999999999982
...
-189 -21 21 87 135 154 215 389 506 690 939 
...
10
...
-133.0
...
-1077 -915 -697 -612 -600 -236 -163 -133 -67 -19 
...
12
...
-344.5
...
-344 -176 60 182 235 254 285 350 352 398 536 784 
...
